-0.3867760799372024 0.9221736625974583 0.7307655032426273
-0.45132785144851245 0.8923582075079881 1.422395750190721
-0.5420175280335597 0.8403671812394802 2.091664405821712
-0.6510242394583927 0.7590569409719019 2.721939791751322
-0.766577701881633 0.6421515607532805 3.291232497480249
-0.8733981841228527 0.4870067884238406 3.7728461680452097
-0.9548165836432347 0.2971957126202558 4.13810125936309
-0.9964988305409159 0.08360670266543771 4.360998043828282
-0.9905643989039262 -0.1370480631899021 4.423703070827361
-0.9381576134669493 -0.3462084520834207 4.320917023434934
-0.849061724216705 -0.528293657419958 4.061260684372368
-0.7385753244900021 -0.6741709650040472 3.6650404413074
-0.6233221960272685 -0.781965114272845 3.159412217554365
-0.517851154755791 -0.8554707367982225 2.572938381849731
-0.4329568021253992 -0.9014146701121232 1.9313353292510642
-0.3755653150518603 -0.9267959290642126 1.2552743266669717
-0.34946289796578245 -0.9369502030232755 0.5601773798688123
-0.35613138935581884 -0.9344358905326219 -0.14253527239864427
-0.3952065273356629 -0.9185922929958024 -0.8433621902981107
-0.464356592609139 -0.8856483246189936 -1.5323064100449624
-0.5586316645136666 -0.8294158567345395 -2.1965426535092076
-0.6695964749435159 -0.742725090961129 -2.8186045460601123
-0.7848461191213585 -0.6196907045455355 -3.375648364280959
-0.8886847122917584 -0.4585187914785115 -3.8404163926901105
-0.9645370741044348 -0.2639474051360535 -4.184305486298994
-0.9988482613893391 -0.047980732794472174 -4.382266040151034
-0.9850876859223833 0.17205304718046702 -4.4182515897468875
-0.925904241438763 0.37775830326507553 -4.289211804361537
-0.8322354854682485 0.5544223090095028 -4.00589307691273
-0.7198761341215312 0.6941025511566998 -3.5900763451556026
-0.6053049168819812 0.7959936919338606 -3.0694994317880777
-0.5025308887299996 0.8645592552695487 -2.4725041628376823
-0.42170006307473973 0.9067353841131163 -1.8240847213855207
-0.3691718554952385 0.9293611467616896 -1.1440331833006834
-0.3483095845409585 0.9373795566988352 -0.4470123232294162
-0.3602802242873218 0.9328441241640948 0.2560223442947104
-0.40442592595770127 0.9145707574667232 0.9556554374177817
-0.47804733772721064 0.8783340724871865 1.6415835055178243
-0.5756893156675856 0.8176685219734138 2.3003340598832143
-0.6882878179327662 0.7254377159242213 2.9135854513632746
-0.802819599439191 0.5962220146525092 3.457663738306441
-0.9032358410369287 0.42914451582923924 3.904830249295823
-0.9731599574211894 0.23012974008586723 4.2266886361677525
-0.9999250100816395 0.012246395928321436 4.3992859412321526
-0.9784093458843526 -0.20667644250410686 4.408470738178393
-0.9127420120043951 -0.40853643597868805 4.253463406300313
-0.8149212279205024 -0.5795717317852386 3.9470610793162972
-0.7011250878184093 -0.7130382957679255 3.512382280477368
-0.5876035686527851 -0.8091489641014883 2.9776035586514236
-0.48779047184864216 -0.8729607411411346 2.3707418355753074
-0.41118696667768195 -0.9115510289799507 1.7160212797194565
-0.3636078448798104 -0.9315521108031798 1.0323580079844934
-0.34801529275470805 -0.9374888564718276 0.3336939248821086
-0.3652714253995165 -0.9309010612232674 -0.36942271747176203
-0.41441897797134103 -0.9100862105851232 -1.0675985133892127
-0.49237161123551515 -0.8703850851487189 -1.750163171328055
-0.5931453453634735 -0.8050953976229437 -2.402951985189594
-0.707036460120243 -0.7071770952601873 -3.0067735334068018
-0.8204264795709175 -0.5717520368296652 -3.5371563548519425
-0.9169847357712142 -0.39892229113274236 -3.965970382474192
-0.9806418934048805 -0.19580979776122268 -4.265162100823749
-0.9997234691249938 0.023515639066113307 -4.412019449144665
-0.9705634576294314 0.24084554119684876 -4.394382719845081
-0.8987332068206617 0.43849586424258286 -4.213748563947444
-0.7971910401147058 0.6037271283956301 -3.884876665765507
-0.6823876931744537 0.7309904487775799 -3.432081319468784
-0.5702680534861652 0.8214586703986393 -2.883838482885599
-0.4736626453890215 0.880706363303385 -2.2677444800866193
-0.40143598688683163 0.9158870827957972 -1.6072147076090801
-0.3588814207536468 0.9333831613211393 -0.920299395512232
-0.3485804214538189 0.9372788751375324 -0.22026202452137744
-0.37109779905340773 0.9285937882291248 0.4826971318317719
-0.4251685365004843 0.9051142002918948 1.1791424730036155
-0.5072984368256105 0.8617704427481208 1.8579781232225367
-0.6109517842637052 0.7916678074198767 2.5043059552836273
-0.7257783269665217 0.6879286446323316 3.0980568108485347
-0.8375947009108916 0.5462921535277567 3.6140032943227833
-0.9298670912394805 0.3678956273589394 4.023722409468601
-0.9869449182388138 0.161058152114636 4.299644129987805
-0.99824468862924 -0.05922450188487598 4.420437744073782
-0.9615897190423426 -0.2744908235844481 4.376019367660125
-0.8839429829507133 -0.4675946993841943 4.170151249971789
-0.7791169000749223 -0.6268786613194323 3.819455225433643
-0.6637273314402355 -0.7479746182185755 3.349296229444069
-0.5533454482842458 -0.8329518682751765 2.7883152657801373
-0.4601775873831594 -0.8878268908240022 2.163601364573755
-0.3924636765597681 -0.9197675046342906 1.4977311964557534
-0.3549993525535501 -0.9348665464581349 0.8079055679800354
-0.35000420428230455 -0.936748128893093 0.10675565813643417
-0.3777507624439545 -0.9259073179714107 -0.5958054385333856
-0.4366554999430347 -0.8996287980992485 -1.2902359270119437
-0.5227942476418626 -0.8524588990869759 -1.96495752558638
-0.6290578454136501 -0.777358493311507 -2.6043016999016118
-0.7444472876170234 -0.6676812382863972 -3.187320569885242
-0.8542522298023043 -0.5198587576234445 -3.6880814986000394
-0.9418216361135924 -0.33611308476213186 -4.0779755668176225
-0.9920367916235365 -0.12594841827224332 -4.330060380389221
-0.9954963662475066 0.09479970879707456 -4.424521694093404
-0.9515330858818939 0.3075463972672747 -4.353421912495598
-0.8684388672294068 0.4957962624761352 -4.122762114545142
-0.4225353497657869 -0.9063464449085152 -1.3255052838026795
-0.5111343816015684 -0.8595008109040865 -2.0052651174840657
-0.6202007755090391 -0.7844431133345404 -2.6498907256621305
-0.7385450520100004 -0.674204127954988 -3.238223060663036
-0.8511139711058426 -0.5249809598342047 -3.743876156629277
-0.9408004764408792 -0.3389608584019912 -4.137611876504931
-0.992044759958418 -0.1258856395266945 -4.391832520306424
-0.9951928542747684 0.09793458429196236 -4.4862467499514445
-0.9496336487817383 0.3133623032553247 -4.412795811732472
-0.8640076389744717 0.5034786984508469 -4.177774084290979
-0.7533673028512711 0.6575999596978402 -3.8001650604528434
-0.634853975466802 0.7726321439300835 -3.306965090679463
-0.5239185466975409 0.8517683701725115 -2.7274909827319003
-0.4322728122728817 0.901742876750182 -2.0886647051025165
-0.36756915849272126 0.9299961901669022 -1.4123575475398797
-0.3341005918011948 0.9425374234257712 -0.714860404914703
-0.3337255609554115 0.9426702763771625 -0.007957337345374627
-0.36646348831501446 0.9304324326526839 0.6990453699374973
-0.43050184911579775 0.9025896952147631 1.3968696944270105
-0.5216120462417877 0.8531827900370794 2.073811965838083
-0.6322270463109547 0.7747831709019795 2.7136990583658926
-0.7507281236238574 0.660611295998034 3.2947864365423776
-0.8617331506774465 0.5073617812010689 3.7902449085409033
-0.9481024953268506 0.31796486968688725 4.1707662444417055
-0.9946878233143208 0.10293752547161099 4.409239896706871
-0.9926640289286268 -0.12090544103218119 4.486443040810579
-0.9424239970976663 -0.3344204086093697 4.395763960036444
-0.8534443841940749 -0.5211839244332046 4.144948653579417
-0.7411996506087094 -0.6712846474764093 3.7540607102545134
-0.6228073457221048 -0.7823752361332678 3.2505972246472066
-0.5133939201999288 -0.8581530648443488 2.663815797547256
-0.4242423036934344 -0.9055487108692098 2.020200998913994
-0.36261563133838975 -0.9319387876406159 1.341039465762087
-0.33251470228997887 -0.9430980716558627 0.6420853750316251
-0.3355892278767063 -0.9420084235998721 -0.06523817871027193
-0.3716798879937049 -0.9283609539726383 -0.771744496410176
-0.438760321308105 -0.8986041288830184 -1.4680152118896546
-0.5323016252576412 -0.8465547706723255 -2.1419683085519186
-0.6443410343989503 -0.7647382763989852 -2.7768843865561625
-0.7628329445444758 -0.6465956222536654 -3.3504380938554013
-0.8720876586998614 -0.4893496863628238 -3.8353848105456505
-0.9549740433628895 -0.29668936027962656 -4.202397075317768
-0.9968034369660221 -0.07989310391219939 -4.424914095527488
-0.9896120769434218 0.14376347647343216 -4.484833923461638
-0.934795333755153 0.3551868296961364 -4.377011316106564
-0.8426314137304994 0.5384907618469791 -4.1106211938344615
-0.7289683534367735 0.6845473976925771 -3.706753122449227
-0.6108601643433105 0.7917385045698255 -3.1933425741797943
-0.5030892530174784 0.8642344609527646 -2.599538695752425
-0.4165085316620838 0.9091318073044716 -1.9513628500378513
-0.3580006896093151 0.9337213215083261 -1.2695139945594975
-0.33128450734696957 0.9435309084454392 -0.5692230034282529
-0.33780694203565237 0.9412154216291408 0.13842517790582654
-0.37722929283132167 0.9261198953861108 0.8443367441276823
-0.44730433657329205 0.8943818147093148 1.5389266656672655
-0.5431924098051295 0.8396082455110218 2.2097130266992515
-0.6565273370418406 0.7543022310166857 2.839419210832518
-0.7748406416759037 0.6321566103484751 3.4051458840950324
-0.8821585769505024 0.47095248710741994 3.879263341856389
-0.9614011486221002 0.2751505613806854 4.232477707186954
-0.9983870710228757 0.05677372996697863 4.438840628222468
-0.9860434987447286 -0.1664878932032424 4.481420925697702
-0.9267629295931961 -0.3756467387477719 4.35655500579527
-0.8315879865824516 -0.5553930325199842 4.074819951734441
-0.7166918368343327 -0.6973899992221212 3.658275177344453
-0.5990270006639398 -0.8007288258053186 3.135232677927862
-0.49301440177053757 -0.8700211489652645 2.534686058573873
-0.40907725111716786 -0.9124997548593762 1.8821701968499247
-0.35372709826289983 -0.9353486729313881 1.1977953807053927
-0.3304106597254113 -0.9438372719594297 0.49628387600685164
-0.3403775010294058 -0.9402888688020171 -0.21159407796272067
-0.38310818857752627 -0.9237034783115449 -0.9168107295642335
-0.4561270694013506 -0.8899146568965675 -1.609588338297892
-0.5542732050673043 -0.8323347969083222 -2.2770243309703178
-0.6687701004789718 -0.7434692681646942 -2.9012754286515596
-0.7867321414960389 -0.6172945306229893 -3.45887737977508
-0.8919272548522469 -0.45217891597434645 -3.9218482777423223
-0.9673706386211437 -0.25336544265886113 -4.260982464723082
-0.999435327503096 -0.03360098419360772 -4.4510065467172275
-0.9819658662994445 0.18905829107125022 -4.476207284862433
-0.9183427102834418 0.3957861372878823 -4.334413566558995
-0.8203334784574094 0.5718854641639067 -4.037573963593083
-0.7043882290191867 0.7098149215247689 -3.6086598654701527
-0.5873219439687396 0.809353404967682 -3.076298674326576
-0.48317875493111245 0.8755217249064811 -2.469283620600814
-0.4019538558182942 0.9156599247497981 -1.8126423269209533
-0.3497973719214035 0.9368253831941571 -1.1258973833586046
-0.32989362088044594 0.9440181136516336 -0.42327834596298664
-0.34329949630727896 0.9392259876276681 0.2847352392757386
-0.38931277125414965 0.9211056215974442 0.9891547299964898
-0.4652212864982869 0.8851944162662114 1.6799839461945731
-0.5655323262409159 0.8247261290734872 2.343879758394232
-0.6810530347575515 0.732234090880457 2.9624243551993477
-0.7984882096103433 0.602010447677836 3.5115999233596904
-0.9013753655081358 0.4330386246688332 3.9631077591180675
-0.9728701885046458 0.2313516723927771 4.287886727619693
-0.9999459538096538 0.01039660808637496 4.461400481914276
-0.9773877936604021 -0.21145472518638903 4.469197937979057
-0.9095512015411461 -0.4155918812670158 4.310606894089266
-0.8088873300469703 -0.5879636785461188 3.998912983139004
-0.13341656635219248 0.9910600485453901 -0.15384084725266545
-0.16256362135315422 0.9866980637523053 0.5894541891563772
-0.22774594910734194 0.9737205875738666 1.3294777369706061
-0.326643962525723 0.9451474603179623 2.059768177651006
-0.4539398172713585 0.8910323463801108 2.768628772889478
-0.5996207801797634 0.8002842744778957 3.436903032674561
-0.7478934373249843 0.6638188054026639 4.037116238532983
-0.8779828971924838 0.47869200143463064 4.534980342584981
-0.967798269011713 0.2517270555540904 4.893999343660954
-0.9999999473075012 0.00032463055130796593 5.082794635326522
-0.9679584447482131 -0.25111043236118313 5.083038108240003
-0.8782708104699407 -0.47816355306157904 4.894705283969116
-0.7482562197741209 -0.6634098503710527 4.536082619172931
-0.6000018291342613 -0.7999986281460368 4.038525231394642
-0.4542917980659374 -0.8908529408437835 3.4385262602851143
-0.3269342742105051 -0.945047078375702 2.770386554652277
-0.22795580309665453 -0.9736714804463358 2.0616012458705004
-0.16268402510408372 -0.9866782190643177 1.3313476355357485
-0.13344410693625228 -0.9910563406406248 0.5913389712375102
-0.1409698963077309 -0.9900138829001276 -0.1519532842429584
-0.18509075367480132 -0.982721431995911 -0.8944636964180541
-0.2645521041441535 -0.9643713932883435 -1.6315047704149874
-0.37600267349268446 -0.9266185782328961 -2.354783315381245
-0.5123903306403634 -0.8587526704856637 -3.049747249055917
-0.6613795638146526 -0.7500513799522935 -3.693811751920165
-0.8048805048563303 -0.5934369156887855 -4.256350286884385
-0.9209632799936684 -0.3896493768804255 -4.701427973650974
-0.9886860978435049 -0.14999933310179586 -4.993665006311293
-0.9945197134397988 0.10454922084654919 -5.10616450613764
-0.9372537209895021 0.34864804960207724 -5.027752590502728
-0.8284613666197364 0.5600462159666458 -4.76626655330117
-0.6882275690377448 0.7254948747002945 -4.346231891326186
-0.5387373182135301 0.8424737989778042 -3.8021107353009644
-0.3989989233621092 0.9169513941076035 -3.1702553860676113
-0.2824026149893922 0.9592959726002988 -2.4825418404869084
-0.19685023789779124 0.9804335693149143 -1.7630698610366844
-0.1462307900530785 0.9892505021684106 -1.0277446840504987
-0.13207961389168643 0.9912391112109242 -0.2858068074241906
-0.15472372881351612 0.9879577762951418 0.45762252598400266
-0.21361838593017615 0.9769171844084771 1.198590858205359
-0.3068116394572589 0.9517702547850238 1.931278746511717
-0.42964229592121916 0.9029991680813131 2.645106437600485
-0.5730431805806403 0.8195251754461382 3.3223558136614697
-0.7222599552184934 0.6916216863920477 3.9369996952460737
-0.8572218515309344 0.5149472761923075 4.455715960040109
-0.9556757580341715 0.2944212042394564 4.8419264171843395
-0.998955356195248 0.04569678685449519 5.062742320363932
-0.9782102355269129 -0.20761679871913463 5.097014910504804
-0.8977316367390882 -0.4405427429861464 4.941302311465453
-0.77331200409175 -0.6340256653540148 4.610895254225843
-0.6266753977286805 -0.7792804026033249 4.135376005210332
-0.47919192964272755 -0.8777101426811013 3.550915703257838
-0.34768616139830605 -0.937610971124011 2.892633096247012
-0.2431683605075956 -0.9699840970078056 2.1894248679040036
-0.17167935914460863 -0.9851528803407603 1.4619367951481494
-0.13595810045615753 -0.9907145880223797 0.7230721348925792
-0.1369469542566933 -0.9905783824210052 -0.019963806124205674
-0.17462366590934789 -0.9846352498790506 -0.7628975929399596
-0.2479777543270817 -0.96876572676726 -1.5013740303492478
-0.3541356572135729 -0.9351940634381245 -2.227948325424693
-0.4868298992485694 -0.8734967940396964 -2.9293438730032864
-0.6347463217919944 -0.7727205879045373 -3.5844664685330585
-0.7807595660586053 -0.6248315773134216 -4.164006909461461
-0.9033478867698655 -0.4289086096925757 -4.632630592446527
-0.980937322538039 -0.19432439180891145 -4.954312049715959
-0.9982343136464074 0.05939911665072127 -5.100055343572643
-0.9516572489671641 0.30716197760831176 -5.0555060060846015
-0.8507077037832372 0.5256390422370202 -4.8251345228783675
-0.7144130642862438 0.6997242125131438 -4.430905241200602
-0.5650380189163078 0.8250648684674037 -3.9061120818157438
-0.4224200858502005 0.9064001715965797 -3.2873134304651908
-0.3009970287518622 0.9536250776288083 -2.6075133017677556
-0.20955836233352118 0.9777961407042333 -1.8922944935461494
-0.15257761367082234 0.9882914913154506 -1.1589473880179746
-0.13190394575024664 0.9912625026175035 -0.4177287695313866
-0.14802934734344483 0.9889829686729058 0.3257181074317409
-0.20057825524583167 0.9796776834870425 1.0674553339364203
-0.2879244650141221 0.9576531221931726 1.8022135965517023
-0.40600793108169114 0.9138695529990944 2.520453438196582
-0.5466633487041921 0.8373524844314483 3.2058556029459027
-0.6961838868667092 0.7178634937557148 3.833869966269489
-0.8353016094685588 0.5497919799517226 4.3722675865862755
-0.9417887666911793 0.3362051738660597 4.784611571550068
-0.9958581451804126 0.09092059545465053 5.036765451949613
-0.9865492021501392 -0.1634645886329018 5.1049558985406005
-0.9157926539996262 -0.401651359863652 4.982357457065924
-0.7976694968761331 -0.6030948298181446 4.681118937168185
-0.6533349208544117 -0.7570690068891737 4.228797814804577
-0.5046110129568392 -0.863346816524317 3.6609960596376965
-0.3693012921923354 -0.9293097199454395 3.0134859472444586
-0.25942992286567257 -0.9657619350139615 2.316503657285379
-0.1818060094683467 -0.9833344166259999 1.592182206024908
-0.13963093501895693 -0.9902036164273144 0.8546813935554081
-0.13408221322984484 -0.9909702115075844 0.11202868123492227
-0.1652852214557585 -0.9862458088977214 -0.631198977395766
-0.23244556770902375 -0.9726094067262714 -1.3708833340690572
-0.333117874066755 -0.942885190241763 -2.100340389113761
-0.46176463205404855 -0.8870024941250104 -2.807504281795083
-0.6080653779318516 -0.7938869542703133 -3.4727561523888406
-0.755901470771938 -0.6546853950446893 -4.068171368091575
-0.9120675386440954 -0.4100400040870421 -0.28696261576689663
-0.9238511310312173 -0.3827519924080612 -0.5944926188321782
-0.9398192369478249 -0.3416720677240214 -0.881556613138224
-0.9577261917944369 -0.2876813194333716 -1.13781066393124
-0.9749886529789711 -0.2222546435111119 -1.3535716535062687
-0.9890512756465902 -0.14757226752290756 -1.5202626361396026
-0.9977852937033473 -0.06651697279134786 -1.6309418367817832
-0.999847309838255 0.017474467351095594 -1.680829566375294
-0.9949177852744574 0.10069061795703088 -1.6677237158619722
-0.983759111716312 0.179493760657948 -1.592205752394199
-0.9680779070259974 0.25064948818651966 -1.457585431900738
-0.9502275059895684 0.3115568758041536 -1.2695983157608481
-0.9328227662807133 0.360335519631909 -1.0359306589077328
-0.9183475510482516 0.3957749050706461 -0.765679019183801
-0.908818164883421 0.41719245340481775 -0.46884784038081634
-0.9055374370497484 0.42426636692221176 -0.1559535003272029
-0.9089493847982754 0.4169064833686767 0.16224627486445603
-0.9185921833322084 0.39520678223047545 0.4749261373909637
-0.9331471087997077 0.35949474730341513 0.7713312240638204
-0.9505858650009739 0.3104617742337216 1.040952284541382
-0.9684184584548111 0.24933048213968412 1.2737986152166731
-0.9840313062736007 0.17799547262071339 1.4607964768214363
-0.9950803097107225 0.09907157627701571 1.5942930812869713
-0.9998751110841105 0.015803867708176312 1.6685967634947332
-0.9976740573608087 -0.06816505900548896 1.6804496642758655
-0.9888182135775571 -0.1491259216142139 1.6293258700217488
-0.9746693898390434 -0.22365057681746947 1.5174814288110885
-0.9573685662467869 -0.28886922363341444 1.3497434961979864
-0.9394755137957234 -0.34261605183975485 1.1330915784729256
-0.9235702253827729 -0.3834293139372811 0.8761295395931096
-0.9118884658969115 -0.4104380900503476 0.5885575541401489
-0.9060377320891879 -0.42319691401365495 0.28072898660238826
-0.9068121128503179 -0.4215350424198946 -0.036668698907852904
-0.9141069279281373 -0.4054732103527718 -0.35281998072277376
-0.92692974586099 -0.3752349214000218 -0.6569248884873525
-0.9435083742523537 -0.33134867996670886 -0.9383510795373688
-0.9614992574853427 -0.2748075287453649 -1.1868625895124003
-0.9782925684505156 -0.2072284983164557 -1.392968236071424
-0.9913896999196848 -0.1309445031040145 -1.5483896098087657
-0.9988001453738694 -0.048972130861718276 -1.6465979871367764
-0.9993814365701265 0.0351673746394354 -1.683327085283065
-0.9930434601063046 0.11774840270720528 -1.6569515543034885
-0.9807648535607633 0.1951929866053967 -1.5686402522730845
-0.9644171347180315 0.2643853064416824 -1.422245512319037
-0.9464420346293494 0.3228737757803463 -1.223956532487775
-0.9294583516602711 0.3689270558375623 -0.9818012006525152
-0.9158768448164953 0.40145934430397984 -0.7051059087743434
-0.9075808273672754 0.41987741281870805 -0.4040114005463584
-0.9057012024920305 0.42391665667261763 -0.0891033409323273
-0.9104921438521656 0.41352636673311094 0.22883415157213605
-0.9213042943751244 0.3888423808768202 0.5389789266219693
-0.9366540730107535 0.35025583151800055 0.8306107122795846
-0.954392176631837 0.29855581251073404 1.0933025859180852
-0.9719719704811794 0.23509676433105828 1.3172194453011357
-0.9868030782477326 0.1619249355744795 1.4935420185494295
-0.9966487453938755 0.08180023413666997 1.6149857202302893
-0.9999981470722185 -0.0019250589938532448 1.6763358958327919
-0.9963325980612785 -0.08556491126894748 1.674892101587402
-0.9862196182069675 -0.16544142366319056 1.6107184181356915
-0.9712100804162347 -0.23822464124832052 1.4866373503882986
-0.9535654913396918 -0.30118574621998995 1.3079688694520584
-0.9358827759458616 -0.3523115520215997 1.082079559787066
-0.9206975898093847 -0.3902767583641 0.8178458957708663
-0.9101339450120947 -0.41431413460889965 0.5251383269977914
-0.9056402296899181 -0.42404690114089083 0.2144027260411167
-0.9078253129817027 -0.4193485437075865 -0.10363244981455139
-0.9163936723037298 -0.4002781999580846 -0.4181438575952412
-0.9301765785798453 -0.3671124250982155 -0.7183525075638046
-0.9472609643073316 -0.32046320459538585 -0.9936868263874662
-0.9652189613231077 -0.26144283639514976 -1.2340342298340055
-0.9814311474005255 -0.1918147619764652 -1.4301163571303677
-0.9934734903875574 -0.11406324516321638 -1.5739774286127164
-0.9995090740984038 -0.03133066860045367 -1.6595248624851286
-0.9986055937649836 0.05279079561140026 -1.6830228639354687
-0.9909031030084099 0.13457726571863718 -1.6434297672269185
-0.9775885347135554 0.21052471778060544 -1.5424968179379406
-0.960683748203177 0.2776449818352473 -1.3846032796024863
-0.9427011897710611 0.33363822743238797 -1.1763695432260508
-0.926246354420681 0.37691867945539415 -0.9261408726517597
-0.91364266872945 0.4065182331420432 -0.643451863060214
-0.9066304871648425 0.42192553815008677 -0.3385631882036815
-0.9061633035182388 0.42292796946632916 -0.022119034591116304
-0.9123042685360765 0.40951302984258575 0.2950769425086307
-0.9242195446676474 0.3818615367568805 0.6022117148905701
-0.9402681391490542 0.3404347610059451 0.8886078674582306
-0.958191661328751 0.28612713985228344 1.1439339382126894
-0.9754026232932347 0.22043076571267453 1.3585292931019022
-0.9893516846283507 0.14554464649393548 1.5238523673864082
-0.9979262052864178 0.06436838356406208 1.6330108522568598
-0.9998069166494181 -0.019650176080215003 1.6812871399299065
-0.9947023555264076 -0.10279700341068379 1.6665495078697454
-0.9834018451185516 -0.18144092982959562 1.5894517553117327
-0.9676330049026589 -0.2523615815116297 1.453371057939536
-0.9497609694109318 -0.31297619874937294 1.2640998718058138
-0.9324020222033129 -0.3614228396091933 1.029367722743784
-0.9180318407594804 -0.39650666999655876 0.7583005930368891
-0.9086509636946181 -0.4175564945930572 0.4609205905394701
-0.905541430080422 -0.42425784425029095 0.14775321959467724
-0.9091240330331593 -0.4165255004936951 -0.17044016359304093
-0.9189137799318444 -0.39445844527829527 -0.4828342889633122
0.34800290613134827 0.937493454550023 0.6140329905375072
0.2855519960447796 0.9583632179684497 1.3171530814500243
0.18668435701685646 0.9824199462781702 2.035925494926362
0.049129273956090486 0.9987924281053333 2.7727404546349894
-0.12660201904129484 0.9919535920468596 3.5218347757139896
-0.3337064414284503 0.9426770448829017 4.265799969749135
-0.5554242542914256 0.831567133636734 4.9728077534113115
-0.7634882220935156 0.6458217515108039 5.596483103638862
-0.921816036222048 0.387627650411928 6.080849417271965
-0.996843275859797 0.07939447948761068 6.371570155080911
-0.9708420102694075 -0.23972023505756784 6.431116014696619
-0.8500879964565532 -0.5266406728315647 6.251325838403443
-0.6618883435282543 -0.7496024417659161 5.856345333779769
-0.4427182333955631 -0.8966607863730363 5.2941435024553325
-0.22558699838684873 -0.9742230269085267 4.621647912675556
-0.032990504580593244 -0.9994556651535464 3.890980642494161
0.12375486591047617 -0.9923128202152183 3.141388893629001
0.2415187862191248 -0.9703961438006855 2.397154278467587
0.32158082943291927 -0.9468821310708295 1.669357170617073
0.366605910083736 -0.9303763253069565 0.9591955723139506
0.37873488696177443 -0.9255052054948432 0.261413328333733
0.35862378250799454 -0.9334821812009368 -0.4327155757873995
0.3052032266369687 -0.952287241566526 -1.1328272116881024
0.21608182823087235 -0.9763752575257137 -1.8470426428629971
0.08871670397634754 -0.9960568991958105 -2.5793240860072824
-0.07740733156520391 -0.9969995511633667 -3.3263667604041403
-0.27749974718943493 -0.9607257102366937 -4.074116423776665
-0.49768153035380425 -0.8673598413257876 -4.794660706454186
-0.7125898199600633 -0.7015808923347931 -5.445180587448527
-0.8874353861804811 -0.46093213747221 -5.971366256699621
-0.9867137084733244 -0.16246863546795554 -6.317065359803779
-0.9874250550928149 0.15808782551149067 -6.438916836404746
-0.8893972580177965 0.45713511944547125 -6.320350967271128
-0.7153675463996488 0.6987483621148218 -5.977499627687025
-0.500761284046404 0.8655854298682463 -5.453438356100909
-0.28045259023813723 0.9598678787357766 -4.804249283699724
-0.07996271088718167 0.996797855569309 -4.084348374647892
0.08668041395863063 0.9962361697087495 -3.3367499829709097
0.21458603406003884 0.9767050905910053 -2.5895728556893474
0.3042206294479346 0.9526016001552289 -1.8570440377460935
0.3581164969280914 0.9336769112642511 -1.142592837629672
0.3786771365613125 0.9255288359882284 -0.4423351541814836
0.366994491433421 0.9302231147727542 0.25181147280968774
0.3224362372653851 0.9465911857281053 0.9494788088892533
0.2428773768374197 0.970056998232874 1.6594221981853323
0.1256497066664965 0.9920746701809413 2.386964946859988
-0.030563586067757272 0.9995328244768547 3.131020949495694
-0.22271825442960522 0.9748828540618764 3.880670567853335
-0.43963612832851834 0.8981759708811579 4.611832708399742
-0.6589836737873023 0.7521572426572719 5.28546468656061
-0.8478651755012826 0.5302118861098639 5.849582618553565
-0.9697752358823446 0.2439999833388168 6.247241533135963
-0.9971870418902029 -0.07495334206202312 6.430241520640076
-0.923486434034568 -0.38363108079783836 6.374026514093559
-0.766103263641555 -0.6427175036030667 6.08630320349518
-0.5584722090060871 -0.8295232316022628 5.60426507579288
-0.33672513131350734 -0.9416029874325491 4.982122652091183
-0.1292778983045462 -0.9916084030553389 4.275920411516771
0.04695270417059656 -0.9988971136063356 3.532214109225267
0.18504930800936834 -0.9827292371784071 2.783041274020515
0.28443952500027236 -0.958693984865671 2.04599434613671
0.34737511636275 -0.937726254581776 1.3269738574874568
0.37644350677792104 -0.9264395750423993 0.6236791665511244
0.37314529896836635 -0.92777291718276 -0.07115051473067535
0.33730049725489947 -0.9413970334304212 -0.7669802026177452
0.2671135223606148 -0.9636650694987887 -1.4730279776905613
0.15991804748429223 -0.9871302943830726 -2.195776779814653
0.013800968250483945 -0.999904762102546 -2.9361245006019576
-0.16967634941411816 -0.9854998409180481 -3.686053072178867
-0.3818157992776969 -0.9242384407835099 -4.425177952867403
-0.6033362565970911 -0.7974869036388051 -5.118356783455035
-0.8037083870153989 -0.5950233849531509 -5.716471961184139
-0.9463149268121436 -0.3232461280394978 -6.1627394998990015
-0.9999604035831661 -0.008898947454146105 -6.405174095928625
-0.9518156335868474 0.3066708327501463 -6.411848306519234
-0.8134217388047054 0.5816743718266515 -6.181845181956624
-0.6152722264686621 0.7883147133831103 -5.745589403086635
-0.39403124057387995 0.9190970468083385 -5.1543533680493026
-0.18076287596595836 0.983526706639182 -4.465030582943049
0.004607211770302102 0.9999893867435312 -3.7273855529636624
0.1528750841135934 0.9882455204336935 -2.977393512906014
0.2621865982251402 0.9650171955520425 -2.2362093725807437
0.33434457431433695 0.9424509035629203 -1.512446475916712
0.37202542051920684 0.9282225414670273 -0.8056082982445218
0.37709912366222764 0.9261729055274615 -0.10944139214425119
0.3498423050923388 0.9368086045546757 0.585188287001345
0.2888381396129263 0.9573779447558544 1.2877947404173518
0.1915308339358275 0.9814865967764647 2.0058281989842426
0.05559578201820555 0.9984533584608668 2.741943146566591
-0.11863463807123079 0.9929379752279133 3.4907831654122408
-0.3246948016548981 0.9458188440596256 4.235486646833175
-0.5462925992395066 0.8375944102106603 4.9448507798778945
-0.7556093517037217 0.6550225245118534 5.57304658753589
-0.916723051142254 0.399523275297493 6.06431348091978
-0.9956972657451948 0.09266582426948412 6.3639559373929
-0.9739225243288968 -0.22688084230456593 6.433455305595013
-0.8566588131052921 -0.5158833956709908 6.2632946738665884
-0.6705416655921981 -0.7418718721617911 5.876382127113345
-0.4519407628754052 -0.892047950982231 5.319978222992002
-0.23419713743799822 -0.9721891281102908 4.650942259755329
-0.8437855972069489 0.5366804132312941 0.9836711623560792
-0.8789267905503875 0.47695670333144 1.3861814722795502
-0.9171232216405086 0.39860380872206247 1.7438989997781307
-0.9529868234377865 0.3030117396305911 2.042851856319677
-0.9811742108386666 0.19312474721050044 2.2701106610426205
-0.9972928788236972 0.07353172000941097 2.4149542214504964
-0.998754903862359 -0.04988629081110514 2.4701030114575553
-0.985322815058881 -0.1707013477522725 2.4326882933492264
-0.9591612183958134 -0.2828599602726742 2.304662282535022
-0.924375737265774 -0.3814832845018988 2.092517312330517
-0.8861990533215195 -0.4633046922836447 1.806404848954093
-0.8500758869179139 -0.5266602191932879 1.4589263297413595
-0.8208700677528418 -0.5711149900566829 1.0639311653463939
-0.8023087483786298 -0.5969092663672735 0.6355949228038817
-0.7966650682195436 -0.6044210197194915 0.1879129730284267
-0.8046154401412986 -0.5937962558708368 -0.26540279176119164
-0.8252050061832241 -0.5648333362772996 -0.7107499836643194
-0.8558974790066446 -0.5171455360245029 -1.134374985872294
-0.8927424096061252 -0.45056740904180975 -1.5222341378906712
-0.9307298392493447 -0.36570748738696734 -1.8601596946720287
-0.9643895479288516 -0.26448591615733574 -2.1344403102122547
-0.9886165450228214 -0.15045706001095416 -2.3328047473302567
-0.9995867988925504 -0.02874424254949057 -2.445647542338472
-0.9955276144716063 0.09447099461989834 -2.46720572425059
-0.9770979056866453 0.212790231690206 -2.3963524782856664
-0.9472451779178328 0.3205098639845788 -2.2367598045180124
-0.910590180499868 0.4133104440698516 -1.9963774065295785
-0.8725460906172553 0.48853180014052766 -1.6863945734771897
-0.838426796102688 0.5450142269491518 -1.319995723371794
-0.8127334997159349 0.5826356137754441 -0.91123505315993
-0.79869031413289 0.6017422887834172 -0.47425834282834683
-0.7979992401644885 0.602658454430782 -0.022951626240784173
-0.8107429346857493 0.5854023350287721 0.4290422145823024
-0.8353805818999073 0.5496719779873923 0.8680939658538819
-0.8688339160167766 0.4951036521567507 1.280347949344426
-0.9067139135236767 0.42174622585457544 1.6516756884619894
-0.9437604465901994 0.33063003410438596 1.9679853578529207
-0.9745316920631982 0.2242498186497365 2.2159578834312104
-0.9942845986979161 0.10676205689346724 2.384145247418513
-0.9998680541811233 -0.016244205984113105 2.4642167900886136
-0.990376286235768 -0.13840090917999126 2.4520336356005292
-0.9673451420034838 -0.2534627709196361 2.3482329537155358
-0.9344214725735742 -0.35616921763879744 2.158135875525809
-0.8966220131131251 -0.44279675428007265 1.8910089622967108
-0.8594205654665946 -0.5112692946511445 1.5589113965866561
-0.8279051415795857 -0.560868145419301 1.175459425598298
-0.8061532303094675 -0.5917068271210081 0.7548083165338223
-0.7968542452135824 -0.6041715914250618 0.3110281961930666
-0.8011267502135221 -0.5984947201875059 -0.1421004973757295
-0.8184591303019668 -0.574564750072042 -0.5909715375163591
-0.8467354708364201 -0.5320141374319165 -1.0218951000703904
-0.8823647571726821 -0.47056607963132413 -1.4209057031443275
-0.9205771325006054 -0.3905608059149853 -1.7738302628678206
-0.9559540470327386 -0.29351637085813226 -2.06675086730406
-0.983200342074257 -0.18252968894145444 -2.286888145447659
-0.9980556542468999 -0.062329054427230586 -2.42378541215375
-0.9981304856601064 0.06111901173873811 -2.4705322029741725
-0.9834126806440627 0.18138219192759442 -2.424692944170119
-0.9562700689086643 0.2924851369034305 -2.2886563002244227
-0.9209483308457028 0.3896847083380535 -2.0692924475468497
-0.8827369612339513 0.4698674890556375 -1.7770289162933095
-0.8470574121947383 0.5315014021109946 -1.4246282995015809
-0.818688931594504 0.5742372621875471 -1.0260022479183346
-0.8012359220651131 0.5983485582772536 -0.5953243012776746
-0.7968296630681151 0.6042040119485754 -0.1465628825697345
-0.805997826366507 0.591918494298384 0.30659012639169714
-0.827637762652212 0.5612626246527028 0.7505289971154853
-0.859074889933854 0.5118499130459404 1.1714759656050122
-0.8962439243186914 0.44356152687291517 1.555363400389468
-0.934064175785186 0.3571051883055484 1.8880345455441545
-0.9670618097903897 0.2545416587612649 2.155863436773316
-0.9902110784880407 0.13957800700522757 2.3467696808442646
-0.9998475330609973 0.017461690406083016 2.451453186098185
-0.9944121053778674 -0.10556782027662165 2.4645494539027473
-0.9747866158960685 -0.22313908996383955 2.3853735886952814
-0.9441026500593362 -0.3296516132994626 2.218019271222402
-0.9070917614538917 -0.42093293563521034 1.9707805612478053
-0.8691933889285007 -0.4944722971441251 1.655080859521398
-0.8356732102937812 -0.5492269891377205 1.2842266366633042
-0.8109313706996755 -0.5851412752619196 0.8723063948100136
-0.7980604372574338 -0.6025774128562018 0.43345043836357416
-0.7986169569047606 -0.6018396432141868 -0.018482621278576916
-0.812534367056701 -0.5829132888790289 -0.46986235368921675
-0.838126320029731 -0.5454761879985423 -0.9070473203484883
-0.872182798580627 -0.4891800955272663 -1.3161544613473946
-0.9102133185365778 -0.4141397285441598 -1.6830395329928445
-0.9469089070859815 -0.3215019777252266 -1.993644329400964
-0.9768531919937058 -0.2139108255598773 -2.234770812694884
-0.995413108700139 -0.09566996931077838 -2.395203931864792
-0.9996210375243982 0.027527828440428063 -2.4669564088478757
-0.9887939553009437 0.14928668380105223 -2.4463105375175545
-0.9646816657768451 0.2634184574285014 -2.334345524666765
-0.9310913017212196 0.364786222134396 -2.136781681595389
-0.8931196818173134 0.44981911247805034 -1.863192014994592
-0.8562377539896644 0.5165819476547113 -1.5258276806360545
-0.8254633502002185 0.564455717905516 -1.1383912198950208
-0.8047594485859729 0.5936010696685112 -0.7150494314658837
-0.7966773194505906 0.6044048714835293 -0.2698486292145004
-0.8021877815007233 0.5970718241643528 0.18345502439814693
-0.820630453190354 0.5714592367759876 0.631258892521412
-0.546494455830255 -0.8374627214072239 -1.601330941891251
-0.6362625638961061 -0.7714725852448377 -2.2294279829466688
-0.7379621463037424 -0.6748421079206409 -2.8080324218802972
-0.8391691754986224 -0.5438704762100646 -3.3141640028207777
-0.9253118503659923 -0.3792070405098823 -3.722066859978326
-0.9822647550838696 -0.1874992024517055 -4.006472140360738
-0.9998244253386771 0.01873815615753568 -4.147096542199517
-0.9747067087675981 0.22348787860516411 -4.133042925081365
-0.9115892942016052 0.41110212684565284 -3.965427016127492
-0.8216379000128988 0.5700097904969648 -3.657100420993252
-0.7193032922542393 0.6946961736991304 -3.229593078120528
-0.6189226692294534 0.7854519269273509 -2.70857094784618
-0.5323686634078789 0.8465126143308843 -2.119482002650667
-0.4681238036538509 0.8836628907296328 -1.4845975419025035
-0.43142690812874246 0.9021478941628549 -0.8218503738552789
-0.42486421649889455 0.9052570891955393 -0.1452394532331377
-0.4488670237109408 0.893598564806861 0.5337033636635168
-0.5018118345080608 0.8649768105259554 1.2039022872686624
-0.5796702141180148 0.8148511783536764 1.852634895163129
-0.6754041305387454 0.7374478018485114 2.4637732789283864
-0.7785521915827381 0.627579863429122 3.0168591303147703
-0.8756271319538351 0.48298770769689475 3.487544027886612
-0.9518521204113991 0.30655756534185125 3.849784808659283
-0.9942178625840764 0.10738175691778641 4.079702982665672
-0.9949618704996024 -0.10025405853097664 4.160239300354012
-0.9539444372679399 -0.29998335054724873 4.085048756455779
-0.8786932956763522 -0.4773867322553388 3.860061243545343
-0.7820927203555786 -0.623162079050716 3.502021194353839
-0.6789154877850424 -0.7342164261616584 3.0346496350658017
-0.5827309602734894 -0.8126651388725474 2.483987315444558
-0.504118291978271 -0.863634614691254 1.8744884612901473
-0.4502297341638282 -0.8929127541225786 1.2267625002717069
-0.4251872086619047 -0.9051054289917269 0.557077934679773
-0.43068917704438014 -0.9025003228679946 -0.1217511370640223
-0.46637430536786145 -0.8845874785981569 -0.7986263792150182
-0.5297374105706482 -0.8481617038288775 -1.462066988163636
-0.6156419597620997 -0.7880260004468642 -2.098188266035294
-0.7157243506136874 -0.6983828849124349 -2.6892077663704423
-0.8182214290903126 -0.5749032031371948 -3.2129949300547684
-0.9088501477555503 -0.41712277440187134 -3.6441723324076642
-0.9731103406718065 -0.23033945575519807 -3.957014413209068
-0.9996636275354877 -0.025935145702114748 -4.129769005025467
-0.9835698962955776 0.1805277239127188 -4.149220364302053
-0.9278410703817602 0.3729758009748481 -4.013824571367514
-0.8424839176347433 0.538721494398372 -3.7340927206363776
-0.7415480962415396 0.6708997100614579 -3.3300515998375984
-0.6396409542828947 0.7686738252367306 -2.826876817291505
-0.5492884631955871 0.8356328046458146 -2.250371448363957
-0.47971525733047554 0.8774242257222874 -1.623646844879596
-0.43681164071638384 0.899552994845029 -0.9655786755878802
-0.42368126839298886 0.90581133952546 -0.29091392945410843
-0.4411931287490993 0.8974121812994187 0.38844457518998665
-0.4881798184890877 0.872743069190447 1.061503711164551
-0.5611760577598248 0.8276964613897668 1.7160610130573861
-0.6538393722929716 0.7566333823190283 2.3368333590997112
-0.7564466302208137 0.6540554224433702 2.9043083958389824
-0.8560638418827157 0.5168700984009472 3.3948499626715103
-0.9379708620320935 0.3467140925586549 3.782502536472221
-0.9884795024833891 0.1513547923595139 4.042538105891212
-0.9984400126013486 -0.05583494637428147 4.156054200160847
-0.9659844213975943 -0.2586002660809825 4.114177990380136
-0.8971223329426862 -0.44178220848679745 3.920227790819399
-0.8038665756043808 -0.5948096574754703 3.588891134454301
-0.700878430445937 -0.7132807481880048 3.142783891347698
-0.6021865617010812 -0.798355400123673 2.6078233302066947
-0.5190885923555165 -0.8547204415985196 2.00905678011394
-0.4594567397975345 -0.8882001487584995 1.3680164489150501
-0.4280103571273899 -0.9037738291141674 0.7018663373461755
-0.42692389446782375 -0.904287558430628 0.024035965510549984
-0.4562685910663518 -0.8898421055481283 -0.654179703312421
-0.5140291121757068 -0.8577727390374764 -1.3215612824735172
-0.5956863954774131 -0.8032171052978933 -1.9648908367516245
-0.6936075733176535 -0.7203530622107439 -2.5673036657250443
-0.7967292094722314 -0.6043364681812221 -3.107568462383102
-0.8911640752721613 -0.4536811555975337 -3.560820813519019
-0.9621973960812202 -0.27235302637297676 -3.9010816802171693
-0.9975109470054239 -0.07051177635219845 -4.105346449996902
-0.9905835161423369 0.1369098153789006 -4.158230282261051
-0.9427151163452393 0.3335988750193591 -4.055547920726875
-0.8626118647089529 0.5058663567221517 -3.8053487644623556
-0.7637565886210269 0.6455043557854366 -3.4259489969207415
-0.6609033460349201 0.7504710302202522 -2.941820730081664
-0.56717643556912 0.8235963155181717 -2.3789674574164748
-0.4925435043681812 0.8702878238288247 -1.761270220777846
-0.4435737223162765 0.8962378885488399 -1.1085543529062272
-0.4239148617865271 0.9057020425926562 -0.43637593649459705
-0.434883105939093 0.9004869150458366 0.24290059544989517
-0.4757546048500293 0.8795780556403124 0.9182657817342726
-0.5435991373949255 0.8393449694991285 1.577949323464507
-0.6327443470995907 0.7743607629609811 2.2074580505888535
-0.7342108218447289 0.6789215485504108 2.7882286228095894
-0.8356826308674057 0.5492126550495093 3.297419784222398
-0.9226285266460091 0.3856897740659121 3.70932927550953
-0.9808484473248785 0.19477249133379929 3.9985966060589644
-0.9999371876093966 -0.011208070119792893 4.144675974559314
-0.9763272412192883 -0.21629867788115043 4.136269921969469
-0.9144198223673109 -0.40476707927119715 3.9740459135586064
-0.8251957690114916 -0.5648468312786511 3.6704706041052084
-0.7230496889775164 -0.6907960243585054 3.24683548064622
-0.6223723801622039 -0.782721291655742 2.728738462377341
-0.7783082952492391 0.6278823118596537 0.3074471413555201
-0.8021486748089146 0.5971243618395603 0.7783588752502607
-0.837228364379705 0.5468534226628594 1.2262021466299313
-0.8791197735958546 0.4766009060763245 1.636342213627076
-0.9221885507466896 0.38674058084421425 1.9937928931843194
-0.9602493787882709 0.27914356617471914 2.2838483288174807
-0.9875058696047883 0.1575822245562323 2.4932060034485204
-0.999617149858036 0.02766864126943902 2.611392671865695
-0.9946036147575192 -0.10374800967380707 2.6321441528177743
-0.973288518372717 -0.22958540895240134 2.554333145562419
-0.9391122183987594 -0.3436105953752894 2.382144088848118
-0.8973888221004827 -0.4412406395257675 2.1244361423166507
-0.8542676251437823 -0.5198334585530276 1.7935056626723254
-0.8157118985078442 -0.5784583810722501 1.4036305687575548
-0.7867150546016445 -0.6173163069797618 0.9697867829533675
-0.7708213801671364 -0.6370513322152549 0.5067995527185465
-0.7698964930316445 -0.638168778629584 0.029011053557105315
-0.7840472753394324 -0.6207011116735753 -0.44961553041508234
-0.8116181884106607 -0.5841882541107766 -0.915141364170264
-0.849259359336545 -0.5279758901496178 -1.3532825547533465
-0.8921327106026186 -0.45177342404442555 -1.7492644723655597
-0.9343564853868487 -0.35633966691281455 -2.088094540398879
-0.9697528759254015 -0.24408883553823751 -2.355349290583489
-0.9928493759726665 -0.11937385237432264 -2.538415917237167
-0.9999311091296562 0.0117378445523641 -2.627946306517909
-0.9898362949826073 0.14221149438461314 -2.6191429231036354
-0.9642177839799986 0.2651114200797484 -2.5124843023151757
-0.9271727744976306 0.37463401638180943 -2.3136507372553643
-0.8843783674185836 0.46677071806406284 -2.032675224969007
-0.8420274240879665 0.539434719946523 -1.68259718642096
-0.8058618700799914 0.5921035773842098 -1.2780211464610676
-0.7804795222558044 0.6251813459623946 -0.8339434634229101
-0.7689387888310895 0.6393224061699834 -0.3650574539511138
-0.7725842043483383 0.6349123145690632 0.11443435067637409
-0.7909941784800364 0.6118236752616659 0.5906185866031715
-0.8219957035543795 0.5694936903409386 1.0494863430494212
-0.8617641252270176 0.5073091685271547 1.4766066108051252
-0.905089991882819 0.4252200684275833 1.8570884872004916
-0.9459110803759315 0.32442599775917774 2.176003538521179
-0.9781477716214871 0.20791088685280312 2.4193230368405625
-0.9967474660309065 0.08058839222224795 2.5752562019801655
-0.9986942195097389 -0.05108674894562538 2.635697496146852
-0.9836681100821882 -0.1799918031670776 2.5973824344376335
-0.9541175644659688 -0.29943225139842183 2.4623885820623257
-0.9147174143346658 -0.40409411269270357 2.2378143935135095
-0.8714107615099932 -0.4905540589217194 1.934743808993982
-0.8303466409985442 -0.5572472124492278 1.5668282648026928
-0.7969837280787426 -0.6040007758088634 1.1488928554657716
-0.7754896031782076 -0.6313603371787827 0.6958922736091242
-0.7684219703202846 -0.639943494012629 0.22237202072503703
-0.7766000234564391 -0.6299939710564366 -0.2575855997844346
-0.799074880021463 -0.6012315162386986 -0.730081078076762
-0.8331643592827794 -0.5530254518744284 -1.1810047152557863
-0.8745920786825485 -0.48485945995281854 -1.5957738041616076
-0.9178243096207751 -0.3969868217827231 -1.9594183991262217
-0.9566934485396607 -0.2910973128032818 -2.2571585154632636
-0.9853128909565058 -0.1707586217879875 -2.4754815000657246
-0.9991422306052201 -0.04141018016412277 -2.603550466406715
-0.9959249688438266 0.0901856775404112 -2.634608101529807
-0.9761896899569434 0.2169186235014564 -2.566968843374499
-0.9431306324795232 0.3324223369131118 -2.4042798757484065
-0.9019125831842022 0.43191861767467216 -2.154963123063573
-0.8586480208315217 0.5125656800080461 -1.8310241598075687
-0.8193613808835871 0.5732773565356836 -1.4465998998015341
-0.7891746934981088 0.6141687904331887 -1.0166418823997714
-0.7717975809170904 0.6358682993281921 -0.5560152895748794
-0.7692762427986047 0.6389163186722203 -0.07911406507873531
-0.7819021480213472 0.6234011797547413 0.4000731739254303
-0.8082019327670068 0.588905455800568 0.8676240587414863
-0.8449959577993121 0.5347726912463118 1.3093031505919124
-0.8875854644811745 0.46064307575577185 1.7103826690266466
-0.9301679312038177 0.36713433476046586 2.055864975843475
-0.9665528884037834 0.25646737398410635 2.331215726913825
-0.9911436832967411 0.13279382162197698 2.5235662574019044
-0.9999979412639557 0.002029154466837991 2.6231616236183872
-0.9916646371030308 -0.12884582849015438 2.6246834894685156
-0.9675098844935769 -0.2528331928509893 2.5280491181009
-0.9314099540455214 -0.3639718361424682 2.338424223462658
-0.888926129804388 -0.4580505820878216 2.065445346355807
-0.8462462873650056 -0.532791911651204 1.7219074097899414
-0.80919713218456 -0.5875372339386532 1.3223134760515387
-0.7825189656227827 -0.6226267488958777 0.8816605505975488
-0.7694418166455689 -0.6387169097473204 0.4146904889256406
-0.7714928127279084 -0.6362380371442597 -0.06434719338484968
-0.7884348878218804 -0.615118222511168 -0.5415257212430442
-0.8182749820512236 -0.5748269772279913 -1.00286438812642
-0.8573519459749701 -0.5147306487211849 -1.4339846210474136
-0.9005811060914377 -0.4346880161116966 -1.8200326075883022
-0.9419551438053378 -0.335738748223474 -2.146048619672074
-0.9753495416359174 -0.22066551980453578 -2.3978526808396796
-0.9955543021087211 -0.09418933884902972 -2.563351820693082
-0.9993018032074146 0.03736182686124652 -2.633993824829854
-0.9859764284052128 0.1668846386858306 -2.605972454683919
-0.9577536126005863 0.2875900164305536 -2.4808089756695457
-0.9191160220694631 0.39398697691066675 -2.2651164633466303
-0.8759249015719011 0.4824474756968426 -1.96962623066363
-0.8343541366013574 0.5512287862006151 -1.6077906238909978
-0.7999678358959654 0.6000428830774728 -1.1943690342405362
-0.7770873374974053 0.6293927787170692 -0.7443368719324315
-0.7684466437716546 0.6399138658257686 -0.27229228789462967
0.9829491001331028 -0.183877857686899 -0.1163051331838432
0.98053254893996 -0.1963566155475921 -0.2542135264490176
0.9763935865396747 -0.2159989911184561 -0.4014809881097117
0.9699213407846062 -0.2434185545322946 -0.5634802314485539
0.9601686744369126 -0.2794210382738962 -0.746044147347775
0.9457270654885797 -0.32496202486192105 -0.9556099260531972
0.924551980802852 -0.38105594706489354 -1.199331444699638
0.8937344130702395 -0.4485964766847758 -1.4851234049983082
0.8492290300850339 -0.5280246722084421 -1.8215707625118902
0.7855868564122123 -0.6187513967922644 -2.217589266668222
0.6958202736249736 -0.7182159472000513 -2.6816528142624203
0.5716747831951283 -0.8204803119263759 -3.2203147746624587
0.40480162853265916 -0.9144045283884519 -3.835675008607241
0.18953442923050426 -0.9818740754986186 -4.52147840489858
-0.07214351097278972 -0.997394261976937 -5.257883961522544
-0.3639476528262712 -0.931419403921911 -6.005929658005247
-0.6501086604835304 -0.759841252870828 -6.70449421094668
-0.8778939374302901 -0.47885512905589916 -7.274375150599801
-0.9930843638575834 -0.117402922713104 -7.633516497391725
-0.9641953396734568 0.2651930371483899 -7.721568689426554
-0.7993775447870382 0.600829044646018 -7.522673911565261
-0.5418661498344367 0.840464797397014 -7.072052128080747
-0.24795690250565885 0.9687710640289579 -6.441703530032987
0.03517827590700335 0.9993810529043518 -5.715125232011268
0.2796840473481311 0.9600920964464651 -4.9655894423330045
0.47568360061312775 0.8796164573879518 -4.245520369998156
0.6249218520862935 0.7806873117868874 -3.5858080269571917
0.7345790321746545 0.6785231355593913 -3.000292543117026
0.8131921158971633 0.581995345894359 -2.4914001914474824
0.8685956951523734 0.49552146105165323 -2.0549036820267133
0.9071766101245584 0.42075004223756757 -1.6832625862379733
0.9338067988797519 0.35777767169843144 -1.3677000545597977
0.9520529393058861 0.30593332731009004 -1.0993668007859743
0.964455124153781 0.26424669060087574 -0.8699168053034068
0.9727846707229281 0.23171099327930983 -0.67173178735275
0.9782515920728108 0.20742184698582494 -0.4979485423932677
0.9816589540169339 0.1906454772565541 -0.3423821571538991
0.9835108518086644 0.1808491204695102 -0.19939804921148357
0.9840824106942754 0.17771271468902708 -0.06376120885935102
0.9834587072899051 0.1811324682536753 0.06952332715741921
0.9815469071016351 0.19122151855691935 0.20537267834767559
0.9780630226134276 0.20830920238022568 0.34878881726536504
0.9724917612454845 0.23293727548345625 0.5050207190505343
0.9640150466954257 0.26584768147346355 0.6797236756631263
0.9514022200842446 0.3079509954826751 0.879109436768224
0.9328535012306951 0.3602559440753664 1.1100726833802304
0.9057901773940836 0.4237265091263403 1.3802646414367552
0.8665950014039014 0.49901212764999214 1.6980595232815103
0.8103340318782093 0.5859682216468785 2.072318619019004
0.7305535247020505 0.6828554367839583 2.511794785254163
0.6193663742667075 0.7851020917229254 3.023936362842132
0.4682394362934716 0.8836016242060514 3.612762931634326
0.2701261313355001 0.962824944197914 4.275464149788864
0.02364268430867352 0.9997204726715765 4.997582857937299
-0.26067737822039944 0.9654259704835678 5.747373212440982
-0.5541120512362909 0.8324420908836302 6.4714426903036575
-0.808785829090541 0.5881032925110403 7.09577425846638
-0.9684483018354921 0.24921453944734354 7.536851727849661
-0.9909927558484471 -0.1339154877372295 7.723762632435169
-0.8700535864346849 -0.49295715506739773 7.623326016632247
-0.6385638223292928 -0.769568869440678 7.253608150331699
-0.35115936028820033 -0.9363157072707805 6.6764314982511905
-0.06006312334957503 -0.9981945808375708 5.974194717798105
0.19982385148595053 -0.9798318367849255 5.225548782169927
0.41296923520004386 -0.910744975708508 4.490674904581232
0.5778506636708585 -0.8161425184948695 3.807616172799851
0.7003360442937877 -0.7138132984632115 3.1955092839286987
0.788813161532222 -0.614633058168482 2.66014931008129
0.851497383062599 -0.5243588529218759 2.199174516454929
0.8953113226302027 -0.4454409450984014 1.8059053767635218
0.925639029849976 -0.37840769867749136 1.4718246679397207
0.9464710225800367 -0.32278879072281885 1.1880188939316019
0.9606736628520132 -0.27767987594079707 0.9459273008894875
0.9702597424437958 -0.24206617316944373 0.7376673939338896
0.9766146776347333 -0.21499714283777324 0.5561177640568067
0.9806688581987716 -0.19567470597682682 0.3948699069284768
0.983020814325715 -0.18349408328992017 0.24811387744585647
0.9840195508370134 -0.17806044920341618 0.11049331497841638
0.9838136645838685 -0.17919451268958908 -0.023052021924145766
0.9823725035358347 -0.18693385005593946 -0.15744790644133758
0.9794817901521714 -0.20153268409937317 -0.2976482939832922
0.9747132003152316 -0.2234595648685446 -0.4487978070578223
0.967364472097337 -0.2533889857982003 -0.6163924807092308
0.9563638794018311 -0.2921782506886506 -0.8064342200578812
0.9401309212516149 -0.3408135133861184 -1.0255679080743692
0.916385435928158 -0.40029705572082314 -1.281178043113958
0.8819037405149869 -0.47142952014662237 -1.5814008349045756
0.8322404685744547 -0.5544148288664114 -1.9349729750145426
0.7614826565800935 -0.6481852850286894 -2.350784096664351
0.6622002709941096 -0.7493268986866332 -2.8369230604358684
0.525927619231903 -0.8505293289058657 -3.3989182344508433
0.3447426566316341 -0.9386972359065319 -4.036815231130243
0.11466991244065487 -0.9934036496715988 -4.740838158060142
-0.15869802951560372 -0.9873271673705046 -5.485890895313841
-0.4535023796006255 -0.8912550654535267 -6.2263862708417195
-0.7280221843110418 -0.6855535713210015 -6.894827569931865
-0.9268306648264184 -0.37547958498088724 -7.408992748422616
-0.9999999262548698 -0.0003840446002817276 -7.690602437158281
-0.9271133958462419 0.37478093767219484 -7.690890470608492
-0.7285108582382386 0.6850342542011931 -7.409804767354346
-0.5054266741601707 0.8628695596945049 1.323409774380569
-0.5878547795056995 0.8089664753327578 1.9705619441514477
-0.6869392159976033 0.7267148777372031 2.577286800651016
-0.791576718555593 0.6110697985015784 3.1223229589539185
-0.887741794924292 0.4603417269209868 3.5806253078301022
-0.9604768644497861 0.27835982622624866 3.9258816030208425
-0.9971622722304467 0.07528215485898627 4.134651472690528
-0.9910083908501616 -0.13379973566705394 4.1911130888347685
-0.9431739868732213 -0.33229930858440343 4.090763287084478
-0.8623936033081171 -0.5062383558890436 3.8415388056461754
-0.7623172521012378 -0.6472035283810016 3.461860038729393
-0.6579272951517368 -0.7530814526293418 2.976457392443642
-0.5625615206258603 -0.8267554266596137 2.4116463029716355
-0.48634501627070265 -0.8737668597221171 1.7915797329769254
-0.43594596263469765 -0.8999728427361054 1.1362545881853374
-0.4150751134827369 -0.9097871455276191 0.4612749561332583
-0.4251056762182332 -0.9051437256298244 -0.22106540301245592
-0.4653896525986271 -0.8851059096255821 -0.8999231972348242
-0.5331016875551982 -0.8460511750040891 -1.5637526294540107
-0.6226908743966874 -0.7824679386039334 -2.1982910107070777
-0.7252752205332463 -0.6884590434299276 -2.7851419646600277
-0.8285474040718346 -0.5599189219930186 -3.3014862472324733
-0.9178302163769435 -0.396973165220841 -3.721425438727237
-0.9785986484223259 -0.205778243033604 -4.0191553126428685
-0.9999989981147107 0.001415545680914493 -4.173488994918071
-0.9780232191907843 0.20849600169714325 -4.172427335657385
-0.9167857953991692 0.39937927506859033 -4.016055334384528
-0.827213697728817 0.5618874427230219 -3.7165208780830854
-0.7238563299173746 0.6899507327618031 -3.295105296040819
-0.6213725127974246 0.7835152840499121 -2.7776422464694663
-0.5320272068236505 0.8467272590388387 -2.1900057834320323
-0.4646549668866327 0.885491819130805 -1.5549603391529032
-0.42476550502880045 0.9053034108726357 -0.8908414748047995
-0.41515179559070214 0.909752156698634 -0.21186391665032267
-0.4364346282449321 0.8997359697537427 0.4704502008736531
-0.48721236494636533 0.8732835229427897 1.1452521781889602
-0.5637388141174873 0.8259531157743817 1.8002148203960526
-0.6593015883315644 0.7518785910128551 2.419679657226839
-0.7637282228168607 0.6455379165262096 2.9835886004864807
-0.8636449146462025 0.5041006461072565 3.467742037881138
-0.9440647709050388 0.32976007692869164 3.8458175224615805
-0.9913804107898572 0.13101481252947683 4.093137580158099
-0.9969457040596508 -0.07809777946271737 4.191398689555206
-0.9597126231725671 -0.2809834175235796 4.132825354958169
-0.8865683018709223 -0.4625977152102129 3.9220877918154846
-0.7901883758244322 -0.6128640393365774 3.575139505407825
-0.6855375026326206 -0.7280373153103004 3.115491475905392
-0.5866115822032323 -0.8098684162411943 2.5694634894226667
-0.5044677769699577 -0.863430519497075 1.962062177241771
-0.4466709319802791 -0.8946983170453988 1.3144892876189647
-0.417659361531173 -0.9086036857317787 0.6434655498349156
-0.4193843732794594 -0.9078087614960516 -0.037987214463918506
-0.45173512310357433 -0.8921521050552975 -0.7188437855859572
-0.5125115580722438 -0.8586803263394132 -1.3879578643774302
-0.5969592431055077 -0.8022715637930209 -2.03196810913199
-0.6971318486404845 -0.7169429444600879 -2.633671781976756
-0.8015948876501118 -0.5978675740439555 -3.1713789903218217
-0.896119413076133 -0.4438130208861463 -3.619779670854788
-0.9658175842878669 -0.2592226723887189 -3.9526394365193975
-0.9984953232887271 -0.05483693436489951 -4.147056440810937
-0.988081709589849 0.15393029323041446 -4.188184141584611
-0.9365358608501418 0.3505717919937138 -4.0727364216618005
-0.8532179236956242 0.5215545749818786 -3.8098075776665152
-0.7520667637879354 0.6590869311445507 -3.4186416464301064
-0.6480155277515174 0.7616271238558423 -2.9243264480716933
-0.5541326598274169 0.8324283724817363 -2.3531061051798114
-0.4801988740366576 0.8771596441776869 -1.7287848258185092
-0.43256490373514067 0.9016027972763885 -1.070915092685244
-0.41468810341318585 0.9099636129470094 -0.3947129947279525
-0.42773727278074725 0.9039031062420843 0.2877597149823048
-0.4708661802151917 0.882204647646766 0.965687044663868
-0.5410115215213828 0.8410151803511744 1.6273405303989428
-0.6323201819601894 0.7747071624077275 2.2581019156623237
-0.7355655318410117 0.6774535765404517 2.8391322874681193
-0.8381388973396156 0.5454568624248239 3.3472224698734583
-0.9252438920110636 0.37937282493112146 3.7563151166920763
-0.982552238013911 0.18598682634491834 4.040844735390418
-0.9997593141274087 -0.021938865410347893 4.180334855149106
-0.9736356864940011 -0.2281086363673135 4.163880706091345
-0.9090596799086618 -0.4166659313699183 3.9927992288158602
-0.8174711924081091 -0.5759694866769111 3.6802997802884216
-0.7135768359711169 -0.7005769759030407 3.2483226652807384
-0.6118885317726102 -0.7909440085651824 2.722889933353458
-0.5243588656204315 -0.8514973752427275 2.129681926929571
-0.45947946356869396 -0.8881883936185078 1.4910588954975255
-0.422464954879432 -0.9063792594155713 0.8249176002836447
-0.4158766052353219 -0.909421051668557 0.14513315572196617
-0.44013870373625574 -0.897929797630844 -0.5369326330294516
-0.493641581933984 -0.8696654463560765 -1.2103799812525846
-0.5723785123727366 -0.8199895356490673 -1.8626290660196418
-0.669313671328136 -0.7429799522014385 -2.4776212177564423
-0.7739323772689616 -0.6332682491762979 -3.034856181907521
-0.8726085174736087 -0.488420285443296 -3.509807368789744
-0.9503391843914231 -0.3112160577641274 -3.876122582872216
-0.9938463059385315 -0.11076786615410979 -4.109534626195312
-0.9951395218354083 0.09847503278087728 -4.192610525810894
-0.9539752103195893 0.2998854749661865 -4.118754251225235
-0.8779348899421551 0.47878004242267247 -3.8938401450005955
-0.780080184253018 0.6256795554721103 -3.534755113183591
-0.6754090072361787 0.7374433354124502 -3.065495446579508
