-0.3867760799372024 0.9221736625974583 0.7307655032426273
-0.45132785144851245 0.8923582075079881 1.422395750190721
-0.5420175280335597 0.8403671812394802 2.091664405821712
-0.6510242394583927 0.7590569409719019 2.721939791751322
-0.766577701881633 0.6421515607532805 3.291232497480249
-0.8733981841228527 0.4870067884238406 3.7728461680452097
-0.9548165836432347 0.2971957126202558 4.13810125936309
-0.9964988305409159 0.08360670266543771 4.360998043828282
-0.9905643989039262 -0.1370480631899021 4.423703070827361
-0.9381576134669493 -0.3462084520834207 4.320917023434934
-0.849061724216705 -0.528293657419958 4.061260684372368
-0.7385753244900021 -0.6741709650040472 3.6650404413074
-0.6233221960272685 -0.781965114272845 3.159412217554365
-0.517851154755791 -0.8554707367982225 2.572938381849731
-0.4329568021253992 -0.9014146701121232 1.9313353292510642
-0.3755653150518603 -0.9267959290642126 1.2552743266669717
-0.34946289796578245 -0.9369502030232755 0.5601773798688123
-0.35613138935581884 -0.9344358905326219 -0.14253527239864427
-0.3952065273356629 -0.9185922929958024 -0.8433621902981107
-0.464356592609139 -0.8856483246189936 -1.5323064100449624
-0.5586316645136666 -0.8294158567345395 -2.1965426535092076
-0.6695964749435159 -0.742725090961129 -2.8186045460601123
-0.7848461191213585 -0.6196907045455355 -3.375648364280959
-0.8886847122917584 -0.4585187914785115 -3.8404163926901105
-0.9645370741044348 -0.2639474051360535 -4.184305486298994
-0.9988482613893391 -0.047980732794472174 -4.382266040151034
-0.9850876859223833 0.17205304718046702 -4.4182515897468875
-0.925904241438763 0.37775830326507553 -4.289211804361537
-0.8322354854682485 0.5544223090095028 -4.00589307691273
-0.7198761341215312 0.6941025511566998 -3.5900763451556026
-0.6053049168819812 0.7959936919338606 -3.0694994317880777
-0.5025308887299996 0.8645592552695487 -2.4725041628376823
-0.42170006307473973 0.9067353841131163 -1.8240847213855207
-0.3691718554952385 0.9293611467616896 -1.1440331833006834
-0.3483095845409585 0.9373795566988352 -0.4470123232294162
-0.3602802242873218 0.9328441241640948 0.2560223442947104
-0.40442592595770127 0.9145707574667232 0.9556554374177817
-0.47804733772721064 0.8783340724871865 1.6415835055178243
-0.5756893156675856 0.8176685219734138 2.3003340598832143
-0.6882878179327662 0.7254377159242213 2.9135854513632746
-0.802819599439191 0.5962220146525092 3.457663738306441
-0.9032358410369287 0.42914451582923924 3.904830249295823
-0.9731599574211894 0.23012974008586723 4.2266886361677525
-0.9999250100816395 0.012246395928321436 4.3992859412321526
-0.9784093458843526 -0.20667644250410686 4.408470738178393
-0.9127420120043951 -0.40853643597868805 4.253463406300313
-0.8149212279205024 -0.5795717317852386 3.9470610793162972
-0.7011250878184093 -0.7130382957679255 3.512382280477368
-0.5876035686527851 -0.8091489641014883 2.9776035586514236
-0.48779047184864216 -0.8729607411411346 2.3707418355753074
-0.41118696667768195 -0.9115510289799507 1.7160212797194565
-0.3636078448798104 -0.9315521108031798 1.0323580079844934
-0.34801529275470805 -0.9374888564718276 0.3336939248821086
-0.3652714253995165 -0.9309010612232674 -0.36942271747176203
-0.41441897797134103 -0.9100862105851232 -1.0675985133892127
-0.49237161123551515 -0.8703850851487189 -1.750163171328055
-0.5931453453634735 -0.8050953976229437 -2.402951985189594
-0.707036460120243 -0.7071770952601873 -3.0067735334068018
-0.8204264795709175 -0.5717520368296652 -3.5371563548519425
-0.9169847357712142 -0.39892229113274236 -3.965970382474192
-0.9806418934048805 -0.19580979776122268 -4.265162100823749
-0.9997234691249938 0.023515639066113307 -4.412019449144665
-0.9705634576294314 0.24084554119684876 -4.394382719845081
-0.8987332068206617 0.43849586424258286 -4.213748563947444
-0.7971910401147058 0.6037271283956301 -3.884876665765507
-0.6823876931744537 0.7309904487775799 -3.432081319468784
-0.5702680534861652 0.8214586703986393 -2.883838482885599
-0.4736626453890215 0.880706363303385 -2.2677444800866193
-0.40143598688683163 0.9158870827957972 -1.6072147076090801
-0.3588814207536468 0.9333831613211393 -0.920299395512232
-0.3485804214538189 0.9372788751375324 -0.22026202452137744
-0.37109779905340773 0.9285937882291248 0.4826971318317719
-0.4251685365004843 0.9051142002918948 1.1791424730036155
-0.5072984368256105 0.8617704427481208 1.8579781232225367
-0.6109517842637052 0.7916678074198767 2.5043059552836273
-0.7257783269665217 0.6879286446323316 3.0980568108485347
-0.8375947009108916 0.5462921535277567 3.6140032943227833
-0.9298670912394805 0.3678956273589394 4.023722409468601
-0.9869449182388138 0.161058152114636 4.299644129987805
-0.99824468862924 -0.05922450188487598 4.420437744073782
-0.9615897190423426 -0.2744908235844481 4.376019367660125
-0.8839429829507133 -0.4675946993841943 4.170151249971789
-0.7791169000749223 -0.6268786613194323 3.819455225433643
-0.6637273314402355 -0.7479746182185755 3.349296229444069
-0.5533454482842458 -0.8329518682751765 2.7883152657801373
-0.4601775873831594 -0.8878268908240022 2.163601364573755
-0.3924636765597681 -0.9197675046342906 1.4977311964557534
-0.3549993525535501 -0.9348665464581349 0.8079055679800354
-0.35000420428230455 -0.936748128893093 0.10675565813643417
-0.3777507624439545 -0.9259073179714107 -0.5958054385333856
-0.4366554999430347 -0.8996287980992485 -1.2902359270119437
-0.5227942476418626 -0.8524588990869759 -1.96495752558638
-0.6290578454136501 -0.777358493311507 -2.6043016999016118
-0.7444472876170234 -0.6676812382863972 -3.187320569885242
-0.8542522298023043 -0.5198587576234445 -3.6880814986000394
-0.9418216361135924 -0.33611308476213186 -4.0779755668176225
-0.9920367916235365 -0.12594841827224332 -4.330060380389221
-0.9954963662475066 0.09479970879707456 -4.424521694093404
-0.9515330858818939 0.3075463972672747 -4.353421912495598
-0.8684388672294068 0.4957962624761352 -4.122762114545142
-0.7607702640089822 0.6490212672938411 -3.7509149176880405
-0.6452050588537327 0.7640094449871359 -3.26414896721766
-0.5368799968697257 0.8436586211028507 -2.6911418834773078
-0.44736300518662453 0.8943524705564312 -2.0583979176501694
-0.38428477209488576 0.9232146088185464 -1.387633564732846
-0.3519671020582201 0.9360123712156472 -0.6952226081189359
-0.3522847021557768 0.9358928830945429 0.006786670292799446
-0.3852202707914918 0.9228246545099072 0.7087063326137067
-0.4488587039842646 0.8936027438731186 1.4008248234961371
-0.5388228068334294 0.8424191253978893 2.071026881400976
-0.6474099660466338 0.7621419394466469 2.7028412254493928
-0.7629754008298444 0.6464275193156138 3.274447680034378
-0.8703275040662228 0.49247338574369576 3.7592683195210888
-0.9527906298595097 0.3036280877190365 4.12862335882886
-0.995891295820621 0.09055676070136524 4.356344424618138
-0.9914927735598604 -0.13016174544994105 4.424261995144161
-0.9404433700141357 -0.3399503901990044 4.326640686056706
-0.8522902516131339 -0.5230691417061619 4.071677893407452
-0.7422216854739611 -0.6701544371353461 3.679376037127831
-0.6268794430970936 -0.7791162710547623 3.1767602092763214
-0.5209131250823705 -0.8536096977641003 2.5924230059852498
-0.43524423527934136 -0.9003124211384076 1.9522157326621745
-0.37691229381213365 -0.9262489529134572 1.2769814168083689
-0.34978887373341955 -0.936828556253654 0.582294702123276
-0.35541878435748825 -0.9347071668313265 -0.12032671506696446
-0.3934947360105858 -0.9193268693625567 -0.8213570901904593
-0.46175481296730897 -0.8870076057743392 -1.5108522422123767
-0.5553451409583573 -0.8316199699465749 -2.176107946543131
-0.6659518779409371 -0.7459947025729735 -2.7998229240030623
-0.7812931969814773 -0.6241641934222617 -3.359318950932792
-0.8857499017615064 -0.464162807137196 -3.8274420959994884
-0.9627203450000013 -0.27049868266422034 -4.175564201352385
-0.9984884816727064 -0.054961367949983804 -4.378438213350551
-0.9862546201575338 0.1652326366609168 -4.419659239313038
-0.9283748033642394 0.37164529390052803 -4.29573476181735
-0.8355678957320904 0.5493871964487764 -4.017000791391954
-0.7235404674141018 0.6902819655866601 -3.6049603940553716
-0.6088064336815434 0.793318804963024 -3.0872489198653765
-0.5054834762154623 0.8628362853248188 -2.4922598161431084
-0.42384434806314053 0.905735043274208 -1.8451326021494943
-0.37035764077151606 0.9288892387804677 -1.1658313196938384
-0.3484676544830047 0.9373208062233086 -0.46916439060848747
-0.3594020984278457 0.9331827964796935 0.23382621405899395
-0.40256093775367263 0.9153931895065004 0.9337133114187641
-0.4753182124374077 0.8798139558595939 1.6202582035486395
-0.5723194888082079 0.8200307327962236 2.280118670443335
-0.6846247084614876 0.728895746018608 2.895141720040503
-0.7993299956375947 0.6008923015599409 3.441813529554459
-0.9004502275115538 0.43495906448123484 3.892482755724415
-0.9715615278279746 0.2367872413044499 4.218702054085341
-0.9998148574925318 0.01924190056071091 4.396292485063679
-0.9798088577378468 -0.19993649566413835 4.410723910484212
-0.9153855742628574 -0.4025782537985117 4.260771538736109
-0.8183434423973975 -0.5747295105396776 3.9588378483872257
-0.7047943487941261 -0.7094116759032543 3.5277907154824675
-0.5910392646777861 -0.8066427881095459 2.9957319585550266
-0.49062696417143853 -0.8713697160378698 2.3907498674728673
-0.41318425555848315 -0.9106474460286934 1.737222580444465
-0.36463067886963446 -0.9311522260227215 1.054236995922945
-0.3480052424323138 -0.9374925872984952 0.3558728264059038
-0.36422902912514404 -0.9313094084903013 -0.34724661406796753
-0.41240392786377206 -0.9110010978492467 -1.0457286704356936
-0.4895209048284667 -0.8719915617343549 -1.7289794938226286
-0.5897012682652728 -0.8076214547709395 -2.3829731651233947
-0.7033671141543528 -0.7108267740639611 -2.9886892562015994
-0.8170142575485947 -0.5766174667509809 -3.52180933674957
-0.9143612111257119 -0.404899463556969 -3.954272436812806
-0.9792698307022677 -0.20256011126663606 -4.257947034480532
-0.999863517632862 0.016521080680138377 -4.409867117930509
-0.9721884275125827 0.23420004571009745 -4.397476307420405
-0.9015373430721771 0.4327013046506327 -4.2218262731378315
-0.8006889512657137 0.5990802978908684 -3.8973002946498565
-0.6860492268911117 0.7275551238786707 -3.447990071231705
-0.57362838788886 0.8191156649753609 -2.9023237283227017
-0.4763768417280836 0.8792412096035856 -2.2879869795911807
-0.40328282004968924 0.9150753887263988 -1.6285560723884913
-0.3597398211966485 0.9330526571664663 -0.942249530843692
-0.34840226447895406 0.9373451136619516 -0.2424600379688422
-0.3698926468442611 0.9290745017545938 0.46054879727762155
-0.4230069294133728 0.9061264468429723 1.157354673593567
-0.5043324104065492 0.8635095945115607 1.8369495087257963
-0.6074430638119519 0.7943632193315279 2.4845817046094667
-0.7221154484340976 0.6917725631541208 3.0803541191081125
-0.8342739692661646 0.5513501103698798 3.5991835414737032
-0.9274180127025028 0.37402650937459014 4.0126961242511126
-0.985806209285358 0.16788721730504955 4.293216006282055
-0.9986342085503722 -0.052246698584425065 4.419131419260842
-0.9634319551403856 -0.2679531074915423 4.3799463953225235
-0.8868947440359717 -0.46197154999130446 4.178981564703867
-0.7826764552490911 -0.6224287641157962 3.832502902210389
-0.6673689156856699 -0.7447272859084278 3.365681329123542
-0.5566214343053218 -0.8307662600707171 2.8071358646922215
-0.46276378135423996 -0.8864816313194116 2.184061169639184
-0.3941569618804716 -0.919043137943566 1.5191999461496253
-0.3556920997722812 -0.9346031939596534 0.8299175926919508
-0.3496581824517101 -0.936877342796039 0.12896519722221067
-0.3763846459932155 -0.9264634899771075 -0.5736928098748185
-0.434351231654529 -0.9007435859112146 -1.268540427357649
-0.5197196757211469 -0.8543368531605703 -1.94409811679106
-0.6254946372773709 -0.7802284657311923 -2.5848507566614876
-0.4225353497657869 -0.9063464449085152 -1.3255052838026795
-0.5111343816015684 -0.8595008109040865 -2.0052651174840657
-0.6202007755090391 -0.7844431133345404 -2.6498907256621305
-0.7385450520100004 -0.674204127954988 -3.238223060663036
-0.8511139711058426 -0.5249809598342047 -3.743876156629277
-0.9408004764408792 -0.3389608584019912 -4.137611876504931
-0.992044759958418 -0.1258856395266945 -4.391832520306424
-0.9951928542747684 0.09793458429196236 -4.4862467499514445
-0.9496336487817383 0.3133623032553247 -4.412795811732472
-0.8640076389744717 0.5034786984508469 -4.177774084290979
-0.7533673028512711 0.6575999596978402 -3.8001650604528434
-0.634853975466802 0.7726321439300835 -3.306965090679463
-0.5239185466975409 0.8517683701725115 -2.7274909827319003
-0.4322728122728817 0.901742876750182 -2.0886647051025165
-0.36756915849272126 0.9299961901669022 -1.4123575475398797
-0.3341005918011948 0.9425374234257712 -0.714860404914703
-0.3337255609554115 0.9426702763771625 -0.007957337345374627
-0.36646348831501446 0.9304324326526839 0.6990453699374973
-0.43050184911579775 0.9025896952147631 1.3968696944270105
-0.5216120462417877 0.8531827900370794 2.073811965838083
-0.6322270463109547 0.7747831709019795 2.7136990583658926
-0.7507281236238574 0.660611295998034 3.2947864365423776
-0.8617331506774465 0.5073617812010689 3.7902449085409033
-0.9481024953268506 0.31796486968688725 4.1707662444417055
-0.9946878233143208 0.10293752547161099 4.409239896706871
-0.9926640289286268 -0.12090544103218119 4.486443040810579
-0.9424239970976663 -0.3344204086093697 4.395763960036444
-0.8534443841940749 -0.5211839244332046 4.144948653579417
-0.7411996506087094 -0.6712846474764093 3.7540607102545134
-0.6228073457221048 -0.7823752361332678 3.2505972246472066
-0.5133939201999288 -0.8581530648443488 2.663815797547256
-0.4242423036934344 -0.9055487108692098 2.020200998913994
-0.36261563133838975 -0.9319387876406159 1.341039465762087
-0.33251470228997887 -0.9430980716558627 0.6420853750316251
-0.3355892278767063 -0.9420084235998721 -0.06523817871027193
-0.3716798879937049 -0.9283609539726383 -0.771744496410176
-0.438760321308105 -0.8986041288830184 -1.4680152118896546
-0.5323016252576412 -0.8465547706723255 -2.1419683085519186
-0.6443410343989503 -0.7647382763989852 -2.7768843865561625
-0.7628329445444758 -0.6465956222536654 -3.3504380938554013
-0.8720876586998614 -0.4893496863628238 -3.8353848105456505
-0.9549740433628895 -0.29668936027962656 -4.202397075317768
-0.9968034369660221 -0.07989310391219939 -4.424914095527488
-0.9896120769434218 0.14376347647343216 -4.484833923461638
-0.934795333755153 0.3551868296961364 -4.377011316106564
-0.8426314137304994 0.5384907618469791 -4.1106211938344615
-0.7289683534367735 0.6845473976925771 -3.706753122449227
-0.6108601643433105 0.7917385045698255 -3.1933425741797943
-0.5030892530174784 0.8642344609527646 -2.599538695752425
-0.4165085316620838 0.9091318073044716 -1.9513628500378513
-0.3580006896093151 0.9337213215083261 -1.2695139945594975
-0.33128450734696957 0.9435309084454392 -0.5692230034282529
-0.33780694203565237 0.9412154216291408 0.13842517790582654
-0.37722929283132167 0.9261198953861108 0.8443367441276823
-0.44730433657329205 0.8943818147093148 1.5389266656672655
-0.5431924098051295 0.8396082455110218 2.2097130266992515
-0.6565273370418406 0.7543022310166857 2.839419210832518
-0.7748406416759037 0.6321566103484751 3.4051458840950324
-0.8821585769505024 0.47095248710741994 3.879263341856389
-0.9614011486221002 0.2751505613806854 4.232477707186954
-0.9983870710228757 0.05677372996697863 4.438840628222468
-0.9860434987447286 -0.1664878932032424 4.481420925697702
-0.9267629295931961 -0.3756467387477719 4.35655500579527
-0.8315879865824516 -0.5553930325199842 4.074819951734441
-0.7166918368343327 -0.6973899992221212 3.658275177344453
-0.5990270006639398 -0.8007288258053186 3.135232677927862
-0.49301440177053757 -0.8700211489652645 2.534686058573873
-0.40907725111716786 -0.9124997548593762 1.8821701968499247
-0.35372709826289983 -0.9353486729313881 1.1977953807053927
-0.3304106597254113 -0.9438372719594297 0.49628387600685164
-0.3403775010294058 -0.9402888688020171 -0.21159407796272067
-0.38310818857752627 -0.9237034783115449 -0.9168107295642335
-0.4561270694013506 -0.8899146568965675 -1.609588338297892
-0.5542732050673043 -0.8323347969083222 -2.2770243309703178
-0.6687701004789718 -0.7434692681646942 -2.9012754286515596
-0.7867321414960389 -0.6172945306229893 -3.45887737977508
-0.8919272548522469 -0.45217891597434645 -3.9218482777423223
-0.9673706386211437 -0.25336544265886113 -4.260982464723082
-0.999435327503096 -0.03360098419360772 -4.4510065467172275
-0.9819658662994445 0.18905829107125022 -4.476207284862433
-0.9183427102834418 0.3957861372878823 -4.334413566558995
-0.8203334784574094 0.5718854641639067 -4.037573963593083
-0.7043882290191867 0.7098149215247689 -3.6086598654701527
-0.5873219439687396 0.809353404967682 -3.076298674326576
-0.48317875493111245 0.8755217249064811 -2.469283620600814
-0.4019538558182942 0.9156599247497981 -1.8126423269209533
-0.3497973719214035 0.9368253831941571 -1.1258973833586046
-0.32989362088044594 0.9440181136516336 -0.42327834596298664
-0.34329949630727896 0.9392259876276681 0.2847352392757386
-0.38931277125414965 0.9211056215974442 0.9891547299964898
-0.4652212864982869 0.8851944162662114 1.6799839461945731
-0.5655323262409159 0.8247261290734872 2.343879758394232
-0.6810530347575515 0.732234090880457 2.9624243551993477
-0.7984882096103433 0.602010447677836 3.5115999233596904
-0.9013753655081358 0.4330386246688332 3.9631077591180675
-0.9728701885046458 0.2313516723927771 4.287886727619693
-0.9999459538096538 0.01039660808637496 4.461400481914276
-0.9773877936604021 -0.21145472518638903 4.469197937979057
-0.9095512015411461 -0.4155918812670158 4.310606894089266
-0.8088873300469703 -0.5879636785461188 3.998912983139004
-0.6920753310095562 -0.7218252809427038 3.557940224229415
-0.5757585972025927 -0.8176197390885953 3.016571263522387
-0.4735912412572261 -0.8807447622350302 2.4033564592059404
-0.3951433908762034 -0.9186194536623181 1.742797887529668
-0.34621378399031005 -0.9381556458152938 1.0538332972829294
-0.3297336629791595 -0.9440739968341179 0.350216562921459
-0.3465713073937607 -0.9380236291753953 -0.35783893470412953
-0.3958389356664738 -0.9183199535077267 -1.061356656585676
-0.4745793350944149 -0.8802127326398677 -1.7500966217164708
-0.576957595981865 -0.8167741012292364 -2.4102561711963717
-0.693359431022605 -0.7205919090664351 -3.022836747118299
-0.8100894926940627 -0.5863062457680934 -3.5632806789181255
-0.9104849622598615 -0.41354217862106696 -4.003010363244195
-0.9778883667305509 -0.20912757401417817 -4.313166997209995
-0.999917851686689 0.012817561323300817 -4.470012677720629
-0.9723189037135446 0.23365776144029743 -4.4603995067281526
-0.9004054733616327 0.4350517021463244 -4.28515618564793
-0.7972689969763335 0.6036241765041814 -3.958867409038186
-0.6797705893233366 0.7334248058874228 -3.50614927666005
-0.5643500727067343 0.8255355809629914 -2.9560806722444832
-0.4642603391109846 0.8856987848747189 -2.3369289865222393
-0.3886505652089 0.9213852278839739 -1.6726548978662001
-0.3429783751552853 0.9393432994256362 -0.9816159769532197
-0.3299308700921638 0.9440050958338243 -0.2771085023839924
-0.3501910953744983 0.9366782781299079 0.43089531949137583
-0.4026822635714944 0.9153398246579997 1.133404028088807
-0.48419313170590395 0.874961148399647 1.8199088965823067
-0.588536343430466 0.8084707616614819 2.476129757882042
-0.7056721813201309 0.7085384763799976 3.0824828291281534
-0.8215165627176276 0.5701846518283479 3.6138866864131516
-0.9192385354834014 0.3937010476012622 4.041525175284413
-0.9824146779588739 0.18671207923153232 4.336800960985359
-0.9993510815928437 -0.03601965740000106 4.476835020409008
-0.9667697913554545 -0.25564852927903003 4.449820277359008
-0.8909230836033204 -0.45415422391820937 4.258083880399735
-0.7854979016141862 -0.6188643199924441 3.9174682124610785
-0.6674910712904132 -0.7446178011218753 3.4533199724667454
-0.5531089898728876 -0.8331089036385303 2.894856621625339
-0.45519408654519955 -0.8903922414162656 2.2700249438964413
-0.38247976384829435 -0.9239638684746028 1.602230762834242
-0.3400929612229122 -0.9403918213843795 0.90925786147829
-0.3304851385625667 -0.943811195732113 0.20396399544000532
-0.3541567956699021 -0.9351860585363895 -0.5038944013590795
-0.40983801156570365 -0.9121583219353262 -1.2052839452613715
-0.49405415145507875 -0.8694311332302301 -1.8894026867128662
-0.6002554049359321 -0.7998083825799778 -2.541476036635539
-0.7179738009613739 -0.6960701265914788 -3.141332323570522
-0.8327499633290258 -0.5536492559152465 -3.663384918514131
-0.9276190693230323 -0.3735275923252142 -4.078621860450566
-0.9864396028602351 -0.16412467794010044 -4.358767554694476
-0.9982468624603983 0.059187850002940946 -4.481861063149552
-0.9607519833507924 0.27740877146824117 -4.437470175647346
-0.8811220212330187 0.4728889760802631 -4.229413597046165
-0.7735933869087862 0.633682311360348 -3.8747468649859673
-0.6552534429573478 0.7554091113380496 -3.399485131465706
-0.5420474746015193 0.8403478656354851 -2.832928297962169
-0.4464000920464109 0.8948334804984421 -2.202667398735555
-0.3766350600262256 0.9263617174511485 -1.5315422883617233
-0.33755914027404316 0.941304322107069 -0.8367710002733619
